0.250000
0.256289
0.247369
0.264097
0.252238
0.259206
0.240281
0.256121
0.247919
0.256018
0.231302
0.263183
0.222751
0.242809
0.268691
0.254845
0.248515
0.255961
0.214730
0.261359
0.247983
0.212620
0.250842
0.260538
0.248904
0.241209
0.268777
0.204558
0.247075
0.197045
0.253335
0.263478
0.248145
0.263192
0.192986
0.252048
0.245787
0.258760
0.252713
0.191303
0.245052
0.243137
0.270842
0.192601
0.180302
0.248322
0.256027
0.256539
0.254917
0.256419
0.174042
0.248393
0.256190
0.162923
0.253356
0.270402
0.171099
0.252938
0.251870
0.254920
0.239399
0.234836
0.183622
0.271352
0.259537
0.161451
0.250059
0.250448
0.160587
0.242424
0.262229
0.256270
0.163245
0.257214
0.247491
0.247870
0.157221
0.239893
0.237258
0.276002
0.264053
0.154438
0.245261
0.246018
0.235209
0.227346
0.282643
0.157546
0.234947
0.276643
0.146766
0.237410
0.141437
0.251649
0.273192
0.236025
0.230173
0.273872
0.144032
0.242702
0.232084
0.279662
0.229624
0.142591
0.237908
0.222382
0.149740
0.281796
0.227418
0.139095
0.230055
0.282384
0.137215
0.265839
0.245761
0.230863
0.131856
0.233303
0.278333
0.229662
0.228410
0.130500
0.222289
0.285399
0.121220
0.226752
0.235626
0.286500
0.226882
0.128111
0.219994
0.287081
0.118891
0.270823
0.242818
0.224744
0.122252
0.228722
0.283227
0.223539
0.218022
0.120794
0.222387
0.290178
0.112060
0.227683
0.284896
0.221162
0.115122
0.219241
0.220819
0.291921
0.110208
0.225627
0.212571
0.292720
0.221465
0.208132
0.112291
0.293262
0.220998
0.104057
0.287938
0.216500
0.281844
0.237859
0.211650
0.107101
0.099771
0.212842
0.285648
0.227668
0.284412
0.092270
0.234529
0.211712
0.206524
0.211263
0.105957
0.298884
0.205629
0.097913
0.288697
0.224976
0.204292
0.210178
0.096723
0.300381
0.203246
0.209831
0.304403
0.088905
0.220231
0.299182
0.089506
0.205707
0.213642
0.089071
0.198374
0.302531
0.289756
0.205485
0.218734
0.084704
0.290924
0.076077
0.232636
0.201018
0.196136
0.298518
0.082663
0.219210
0.079820
0.290448
0.223317
0.197971
0.294784
0.199065
0.214454
0.078658
0.073466
0.194021
0.298732
0.221672
0.190120
0.201996
0.082322
0.310180
0.073676
0.191468
0.299890
0.215142
0.187727
0.303614
0.211998
0.072451
0.186389
0.200561
0.072190
0.312042
0.208688
0.073416
0.306609
0.188572
0.184034
0.070070
0.302158
0.213051
0.065078
0.206075
0.180015
0.313812
0.181488
0.064400
0.201600
0.314238
0.065819
0.298027
0.216297
0.183175
0.301787
0.060660
0.186485
0.210211
0.302916
0.058393
0.214138
0.179867
0.175608
0.309430
0.206676
0.060019
0.304261
0.210764
0.055887
0.177147
0.200456
0.168349
0.063876
0.318952
0.171964
0.194416
0.060972
0.318958
0.170916
0.056383
0.308469
0.207115
0.169540
0.054142
0.309215
0.206422
0.050467
0.304287
0.175563
0.206747
0.307516
0.207539
0.167615
0.055570
0.308176
0.206899
0.051725
0.167901
0.308580
0.206369
0.165117
0.051308
0.048224
0.164152
0.312568
0.203053
0.161471
0.189992
0.049504
0.323677
0.194290
0.320109
0.044120
0.163169
0.196579
0.049791
0.156466
0.323632
0.046133
0.307117
0.206678
0.160942
0.044473
0.158236
0.313708
0.201388
0.155578
0.316065
0.199367
0.043778
0.310640
0.160160
0.040757
0.200186
0.191536
0.041336
0.320339
0.155562
0.311416
0.204144
0.043157
0.154195
0.150635
0.186746
0.327781
0.042725
0.310842
0.038561
0.203615
0.152230
0.311439
0.201532
0.038669
0.150852
0.189734
0.039021
0.144434
0.326092
0.310762
0.034713
0.202621
0.148902
0.035221
0.309766
0.203175
0.147477
0.188626
0.040213
0.321128
0.146459
0.311500
0.035734
0.149609
0.196735
0.036170
0.142497
0.185532
0.326150
0.140927
0.184422
0.037127
0.325494
0.188732
0.034737
0.137023
0.324039
0.032359
0.306434
0.202070
0.142209
0.188531
0.134301
0.325402
0.031938
0.030355
0.306180
0.203721
0.139915
0.307986
0.199621
0.033604
0.138689
0.308048
0.141015
0.032276
0.195783
0.031776
0.187955
0.318206
0.136391
0.030727
0.133504
0.183781
0.323508
0.186983
0.318188
0.133689
0.030227
0.305885
0.198963
0.028499
0.133314
0.305876
0.198433
0.027692
0.132088
0.027166
0.186834
0.125475
0.320797
0.186632
0.124368
0.321003
0.026764
0.302015
0.024400
0.134694
0.201514
0.302325
0.132563
0.028459
0.194776
0.028105
0.125797
0.307000
0.194572
0.124077
0.027990
0.182133
0.318211
0.123381
0.306114
0.025856
0.194778
0.185302
0.118379
0.317378
0.025999
0.297501
0.198338
0.024605
0.124406
0.297143
0.023095
0.127799
0.194044
0.119415
0.303162
0.023147
0.193821
0.184173
0.308368
0.120779
0.023371
0.294518
0.198626
0.025897
0.120382
0.183755
0.026280
0.113321
0.309379
0.024531
0.288454
0.199224
0.120098
0.184448
0.024743
0.112754
0.307107
0.023135
0.285870
0.199077
0.118504
0.114643
0.293009
0.193191
0.022941
0.285082
0.120737
0.192593
0.022363
0.284373
0.119633
0.021021
0.192787
0.111533
0.290398
0.191787
0.021279
0.182255
0.295443
0.020193
0.113911
0.182319
0.293633
0.019699
0.113202
0.278311
0.196993
0.022706
0.112231
0.108316
0.022840
0.283173
0.192098
0.275575
0.114836
0.021256
0.191429
0.021139
0.181458
0.102864
0.294059
0.181198
0.285409
0.109109
0.020850
0.105634
0.176968
0.021217
0.289178
0.181744
0.100973
0.020601
0.286359
0.182139
0.019556
0.101091
0.283620
0.104625
0.018825
0.178646
0.281005
0.017916
0.104601
0.264147
0.193555
0.103269
0.017985
0.262705
0.192791
0.103874
0.019681
0.177120
0.275613
0.101994
0.176623
0.019844
0.272683
0.248357
0.017428
0.110006
0.192012
0.247730
0.195206
0.017782
0.103492
0.017536
0.099600
0.253715
0.189757
0.098403
0.252654
0.016830
0.189717
0.020007
0.098100
0.249956
0.188142
0.240935
0.191378
0.019405
0.100311
0.174431
0.254745
0.099408
0.019352
0.095462
0.244514
0.018199
0.185909
0.173340
0.090267
0.019205
0.256520
0.173651
0.090180
0.253484
0.017869
0.094700
0.234478
0.184949
0.017481
0.093915
0.167826
0.247951
0.017050
0.016412
0.094364
0.228167
0.184369
0.171086
0.018597
0.088503
0.241763
0.214875
0.016791
0.101853
0.182115
0.091268
0.222752
0.016858
0.180638
0.212372
0.183422
0.093675
0.017153
0.165040
0.084636
0.017432
0.234560
0.165107
0.084638
0.230997
0.016279
0.202658
0.181299
0.015640
0.092968
0.202091
0.014837
0.097331
0.173379
0.086583
0.015529
0.209421
0.171770
0.199168
0.014339
0.097166
0.169131
0.084444
0.150982
0.017409
0.221967
0.016054
0.084946
0.151600
0.217229
0.015662
0.156313
0.204068
0.089129
0.154589
0.015847
0.079504
0.209722
0.014964
0.084378
0.189716
0.169119
0.017536
0.179434
0.168448
0.086764
0.081584
0.188507
0.159870
0.017463
0.177392
0.162666
0.016735
0.084752
0.143712
0.074932
0.200846
0.016619
0.079975
0.138859
0.195721
0.016178
0.143428
0.075245
0.016367
0.190264
0.080180
0.171064
0.014933
0.154251
0.140078
0.176125
0.083552
0.015119
0.078327
0.167125
0.149185
0.014826
0.135707
0.014734
0.171285
0.082135
0.153997
0.085868
0.013840
0.143974
0.154222
0.013350
0.146083
0.080677
0.015138
0.153582
0.082676
0.136809
0.153431
0.138859
0.075463
0.015107
0.120985
0.014962
0.066491
0.174975
0.146121
0.080467
0.130443
0.014407
0.069785
0.113720
0.168660
0.014030
0.013542
0.118890
0.153597
0.075247
0.116771
0.150828
0.074426
0.015568
0.115307
0.147635
0.014901
0.074140
0.130863
0.127788
0.072099
0.014896
0.110054
0.062670
0.153178
0.014487
0.125724
0.123541
0.070987
0.014218
0.126014
0.013323
0.120004
0.069644
0.102715
0.138896
0.013395
0.069353
0.101619
0.013501
0.134826
0.069152
0.063463
0.096186
0.140400
0.014342
0.100197
0.059686
0.135112
0.013961
0.064126
0.118099
0.108084
0.013672
0.062958
0.117164
0.013056
0.105431
0.107897
0.106128
0.065304
0.013159
0.108433
0.012386
0.102647
0.063866
0.058605
0.083443
0.128047
0.012592
0.103184
0.011876
0.099192
0.062782
0.103504
0.065610
0.090798
0.012164
0.056407
0.013022
0.078031
0.121759
0.098022
0.064471
0.087990
0.012666
0.098180
0.011952
0.062914
0.085348
0.054061
0.075256
0.012442
0.109017
0.011720
0.080309
0.097802
0.061901
0.087034
0.012641
0.064085
0.081994
0.073030
0.052012
0.098832
0.012804
0.012369
0.079386
0.065665
0.079682
0.070903
0.090827
0.059422
0.012316
0.069200
0.089556
0.011858
0.058425
0.053004
0.064316
0.012035
0.095039
0.052908
0.083234
0.011297
0.072967
0.075997
0.058568
0.069469
0.011321
0.076982
0.056698
0.066759
0.012151
0.049847
0.078208
0.011676
0.067569
0.050771
0.077814
0.065250
0.011638
0.070682
0.066066
0.011254
0.052770
0.048755
0.011214
0.072112
0.062914
0.010843
0.065862
0.063750
0.053491
0.053435
0.074331
0.052194
0.011901
0.047714
0.011665
0.051931
0.073582
0.053755
0.047863
0.072313
0.011338
0.049965
0.064407
0.010942
0.056567
0.048222
0.064783
0.010730
0.054517
0.058977
0.052628
0.010546
0.051942
0.010378
0.046826
0.045830
0.066608
0.054164
0.053508
0.010154
0.050525
0.046360
0.010952
0.056423
0.050662
0.045481
0.010734
0.045120
0.062779
0.051173
0.049764
0.010359
0.049140
0.052903
0.047311
0.046711
0.010311
0.010004
0.044460
0.054373
0.045016
0.044057
0.044077
0.010065
0.055290
0.045519
0.009498
0.050329
0.044997
0.043387
0.048169
0.046778
0.010454
0.044759
0.046975
0.010144
0.044126
0.042688
0.010090
0.042353
0.047474
0.043619
0.044001
0.046122
0.010727
0.010395
0.042172
0.041604
0.045232
0.010211
0.039242
0.047036
0.042087
0.010045
0.041558
0.042161
0.041622
0.043293
0.041429
0.009863
0.041454
0.040681
0.009577
0.041549
0.040785
